3.90960	2.65880	1.00320
3.85412	2.62086	1.00276
3.79864	2.58292	1.00232
3.74316	2.54498	1.00188
3.68768	2.50704	1.00144
3.63220	2.46910	1.00100
3.57672	2.43116	1.00057
3.52124	2.39322	1.00013
3.46576	2.35528	0.99969
3.41028	2.31734	0.99925
3.35480	2.27940	0.99881
3.29932	2.24146	0.99837
3.24384	2.20352	0.99793
3.18836	2.16558	0.99749
3.13288	2.12764	0.99705
3.07740	2.08970	0.99661
3.02192	2.05176	0.99618
2.96644	2.01382	0.99574
2.91096	1.97588	0.99530
2.85548	1.93794	0.99486
2.80000	1.90000	0.99442
2.76066	1.87620	0.99398
2.72132	1.85240	0.99354
2.68199	1.82860	0.99310
2.64265	1.80480	0.99266
2.60331	1.78100	0.99222
2.56397	1.75720	0.99179
2.52463	1.73340	0.99135
2.48530	1.70960	0.99091
2.44596	1.68580	0.99047
2.40662	1.66200	0.99003
2.36728	1.63820	0.98959
2.32794	1.61440	0.98915
2.28860	1.59060	0.98871
2.24927	1.56680	0.98827
2.20993	1.54300	0.98783
2.17059	1.51920	0.98740
2.13125	1.49540	0.98696
2.09191	1.47160	0.98652
2.05258	1.44780	0.98608
2.01324	1.42400	0.98564
1.97390	1.40020	0.98520
1.95756	1.38985	0.98513
1.94122	1.37950	0.98506
1.92488	1.36914	0.98499
1.90853	1.35879	0.98492
1.89219	1.34844	0.98486
1.87585	1.33809	0.98479
1.85951	1.32774	0.98472
1.84317	1.31739	0.98465
1.82683	1.30703	0.98458
1.81049	1.29668	0.98451
1.79414	1.28633	0.98444
1.77780	1.27598	0.98437
1.76146	1.26563	0.98430
1.74512	1.25528	0.98423
1.72878	1.24492	0.98417
1.71244	1.23457	0.98410
1.69610	1.22422	0.98403
1.67976	1.21387	0.98396
1.66341	1.20352	0.98389
1.64707	1.19317	0.98382
1.63073	1.18281	0.98375
1.61439	1.17246	0.98368
1.59805	1.16211	0.98361
1.58171	1.15176	0.98354
1.56537	1.14141	0.98348
1.54902	1.13106	0.98341
1.53268	1.12070	0.98334
1.51634	1.11035	0.98327
1.50000	1.10000	0.98320
1.49483	1.09669	0.98320
1.48965	1.09337	0.98321
1.48448	1.09006	0.98321
1.47931	1.08675	0.98321
1.47413	1.08343	0.98322
1.46896	1.08012	0.98322
1.46379	1.07681	0.98322
1.45861	1.07349	0.98323
1.45344	1.07018	0.98323
1.44827	1.06687	0.98323
1.44309	1.06355	0.98324
1.43792	1.06024	0.98324
1.43275	1.05693	0.98324
1.42757	1.05361	0.98325
1.42240	1.05030	0.98325
1.41723	1.04699	0.98325
1.41205	1.04367	0.98326
1.40688	1.04036	0.98326
1.40171	1.03705	0.98326
1.39653	1.03373	0.98327
1.39136	1.03042	0.98327
1.38619	1.02711	0.98327
1.38101	1.02379	0.98328
1.37584	1.02048	0.98328
1.37067	1.01717	0.98328
1.36549	1.01385	0.98329
1.36032	1.01054	0.98329
1.35515	1.00723	0.98329
1.34997	1.00391	0.98330
1.34480	1.00060	0.98330
1.34118	0.99809	0.98334
1.33756	0.99557	0.98338
1.33394	0.99306	0.98342
1.33032	0.99054	0.98345
1.32670	0.98803	0.98349
1.32308	0.98551	0.98353
1.31946	0.98300	0.98357
1.31584	0.98048	0.98361
1.31222	0.97797	0.98365
1.30860	0.97545	0.98369
1.30498	0.97294	0.98372
1.30136	0.97042	0.98376
1.29774	0.96791	0.98380
1.29412	0.96539	0.98384
1.29050	0.96288	0.98388
1.28688	0.96036	0.98392
1.28326	0.95785	0.98396
1.27964	0.95533	0.98399
1.27602	0.95282	0.98403
1.27240	0.95030	0.98407
1.26878	0.94779	0.98411
1.26516	0.94527	0.98415
1.26154	0.94276	0.98419
1.25792	0.94024	0.98423
1.25430	0.93773	0.98426
1.25068	0.93521	0.98430
1.24706	0.93270	0.98434
1.24344	0.93018	0.98438
1.23982	0.92767	0.98442
1.23620	0.92515	0.98446
1.23258	0.92264	0.98450
1.22896	0.92012	0.98453
1.22534	0.91761	0.98457
1.22172	0.91509	0.98461
1.21810	0.91258	0.98465
1.21448	0.91006	0.98469
1.21086	0.90755	0.98473
1.20724	0.90503	0.98477
1.20362	0.90252	0.98480
1.20000	0.90000	0.98484
1.19796	0.89951	0.98488
1.19593	0.89903	0.98492
1.19389	0.89854	0.98496
1.19185	0.89806	0.98500
1.18981	0.89757	0.98503
1.18778	0.89708	0.98507
1.18574	0.89660	0.98511
1.18370	0.89611	0.98515
1.18167	0.89563	0.98519
1.17963	0.89514	0.98523
1.17759	0.89465	0.98527
1.17555	0.89417	0.98530
1.17352	0.89368	0.98534
1.17148	0.89320	0.98538
1.16944	0.89271	0.98542
1.16740	0.89222	0.98546
1.16537	0.89174	0.98550
1.16333	0.89125	0.98554
1.16129	0.89077	0.98557
1.15926	0.89028	0.98561
1.15722	0.88979	0.98565
1.15518	0.88931	0.98569
1.15314	0.88882	0.98573
1.15111	0.88833	0.98577
1.14907	0.88785	0.98581
1.14703	0.88736	0.98584
1.14500	0.88688	0.98588
1.14296	0.88639	0.98592
1.14092	0.88590	0.98596
1.13888	0.88542	0.98600
1.13685	0.88493	0.98604
1.13481	0.88445	0.98608
1.13277	0.88396	0.98611
1.13073	0.88347	0.98615
1.12870	0.88299	0.98619
1.12666	0.88250	0.98623
1.12462	0.88202	0.98627
1.12259	0.88153	0.98631
1.12055	0.88104	0.98635
1.11851	0.88056	0.98638
1.11647	0.88007	0.98642
1.11444	0.87959	0.98646
1.11240	0.87910	0.98650
1.11146	0.87896	0.98653
1.11053	0.87881	0.98656
1.10959	0.87867	0.98660
1.10866	0.87852	0.98663
1.10772	0.87838	0.98666
1.10678	0.87823	0.98669
1.10585	0.87809	0.98673
1.10491	0.87794	0.98676
1.10398	0.87780	0.98679
1.10304	0.87766	0.98682
1.10211	0.87751	0.98686
1.10117	0.87737	0.98689
1.10023	0.87722	0.98692
1.09930	0.87708	0.98695
1.09836	0.87693	0.98699
1.09743	0.87679	0.98702
1.09649	0.87664	0.98705
1.09555	0.87650	0.98708
1.09462	0.87636	0.98712
1.09368	0.87621	0.98715
1.09275	0.87607	0.98718
1.09181	0.87592	0.98721
1.09087	0.87578	0.98725
1.08994	0.87563	0.98728
1.08900	0.87549	0.98731
1.08807	0.87534	0.98734
1.08713	0.87520	0.98738
1.08619	0.87506	0.98741
1.08526	0.87491	0.98744
1.08432	0.87477	0.98747
1.08339	0.87462	0.98751
1.08245	0.87448	0.98754
1.08152	0.87433	0.98757
1.08058	0.87419	0.98760
1.07964	0.87404	0.98764
1.07871	0.87390	0.98767
1.07777	0.87376	0.98770
1.07684	0.87361	0.98773
1.07590	0.87347	0.98777
1.07496	0.87332	0.98780
1.07403	0.87318	0.98783
1.07309	0.87303	0.98786
1.07216	0.87289	0.98790
1.07122	0.87274	0.98793
1.07028	0.87260	0.98796
1.06935	0.87246	0.98799
1.06841	0.87231	0.98803
1.06748	0.87217	0.98806
1.06654	0.87202	0.98809
1.06561	0.87188	0.98812
1.06467	0.87173	0.98816
1.06373	0.87159	0.98819
1.06280	0.87144	0.98822
1.06186	0.87130	0.98825
1.06093	0.87116	0.98829
1.05999	0.87101	0.98832
1.05905	0.87087	0.98835
1.05812	0.87072	0.98838
1.05718	0.87058	0.98842
1.05625	0.87043	0.98845
1.05531	0.87029	0.98848
1.05437	0.87014	0.98851
1.05344	0.87000	0.98855
1.05250	0.86986	0.98858
1.05157	0.86971	0.98861
1.05063	0.86957	0.98864
1.04969	0.86942	0.98868
1.04876	0.86928	0.98871
1.04782	0.86913	0.98874
1.04689	0.86899	0.98877
1.04595	0.86884	0.98881
1.04502	0.86870	0.98884
1.04408	0.86856	0.98887
1.04314	0.86841	0.98890
1.04221	0.86827	0.98894
1.04127	0.86812	0.98897
1.04034	0.86798	0.98900
1.03940	0.86783	0.98903
1.03846	0.86769	0.98907
1.03753	0.86754	0.98910
1.03659	0.86740	0.98913
1.03566	0.86726	0.98916
1.03472	0.86711	0.98920
1.03378	0.86697	0.98923
1.03285	0.86682	0.98926
1.03191	0.86668	0.98929
1.03098	0.86653	0.98933
1.03004	0.86639	0.98936
1.02911	0.86624	0.98939
1.02817	0.86610	0.98942
1.02723	0.86596	0.98946
1.02630	0.86581	0.98949
1.02536	0.86567	0.98952
1.02443	0.86552	0.98955
1.02349	0.86538	0.98959
1.02255	0.86523	0.98962
1.02162	0.86509	0.98965
1.02068	0.86494	0.98968
1.01975	0.86480	0.98972
1.01881	0.86466	0.98975
1.01787	0.86451	0.98978
1.01694	0.86437	0.98981
1.01600	0.86422	0.98985
1.01507	0.86408	0.98988
1.01413	0.86393	0.98991
1.01319	0.86379	0.98994
1.01226	0.86364	0.98998
1.01132	0.86350	0.99001
1.01039	0.86336	0.99004
1.00945	0.86321	0.99007
1.00852	0.86307	0.99011
1.00758	0.86292	0.99014
1.00664	0.86278	0.99017
1.00571	0.86263	0.99020
1.00477	0.86249	0.99024
1.00384	0.86234	0.99027
1.00290	0.86220	0.99030
1.00283	0.86233	0.99032
1.00277	0.86245	0.99034
1.00270	0.86258	0.99036
1.00263	0.86271	0.99038
1.00257	0.86284	0.99040
1.00250	0.86296	0.99042
1.00244	0.86309	0.99043
1.00237	0.86322	0.99045
1.00230	0.86334	0.99047
1.00224	0.86347	0.99049
1.00217	0.86360	0.99051
1.00210	0.86373	0.99053
1.00204	0.86385	0.99055
1.00197	0.86398	0.99057
1.00191	0.86411	0.99059
1.00184	0.86423	0.99061
1.00177	0.86436	0.99063
1.00171	0.86449	0.99065
1.00164	0.86462	0.99067
1.00157	0.86474	0.99069
1.00151	0.86487	0.99070
1.00144	0.86500	0.99072
1.00138	0.86512	0.99074
1.00131	0.86525	0.99076
1.00124	0.86538	0.99078
1.00118	0.86550	0.99080
1.00111	0.86563	0.99082
1.00104	0.86576	0.99084
1.00098	0.86589	0.99086
1.00091	0.86601	0.99088
1.00085	0.86614	0.99090
1.00078	0.86627	0.99092
1.00071	0.86639	0.99094
1.00065	0.86652	0.99096
1.00058	0.86665	0.99097
1.00051	0.86678	0.99099
1.00045	0.86690	0.99101
1.00038	0.86703	0.99103
1.00032	0.86716	0.99105
1.00025	0.86728	0.99107
1.00018	0.86741	0.99109
1.00012	0.86754	0.99111
1.00005	0.86767	0.99113
0.99998	0.86779	0.99115
0.99992	0.86792	0.99117
0.99985	0.86805	0.99119
0.99979	0.86817	0.99121
0.99972	0.86830	0.99123
0.99965	0.86843	0.99124
0.99959	0.86856	0.99126
0.99952	0.86868	0.99128
0.99945	0.86881	0.99130
0.99939	0.86894	0.99132
0.99932	0.86906	0.99134
0.99926	0.86919	0.99136
0.99919	0.86932	0.99138
0.99912	0.86945	0.99140
0.99906	0.86957	0.99142
0.99899	0.86970	0.99144
0.99892	0.86983	0.99146
0.99886	0.86995	0.99148
0.99879	0.87008	0.99150
0.99873	0.87021	0.99151
0.99866	0.87033	0.99153
0.99859	0.87046	0.99155
0.99853	0.87059	0.99157
0.99846	0.87072	0.99159
0.99839	0.87084	0.99161
0.99833	0.87097	0.99163
0.99826	0.87110	0.99165
0.99820	0.87122	0.99167
0.99813	0.87135	0.99169
0.99806	0.87148	0.99171
0.99800	0.87161	0.99173
0.99793	0.87173	0.99175
0.99786	0.87186	0.99177
0.99780	0.87199	0.99178
0.99773	0.87211	0.99180
0.99767	0.87224	0.99182
0.99760	0.87237	0.99184
0.99753	0.87250	0.99186
0.99747	0.87262	0.99188
0.99740	0.87275	0.99190
0.99733	0.87288	0.99192
0.99727	0.87300	0.99194
0.99720	0.87313	0.99196
0.99713	0.87326	0.99198
0.99707	0.87339	0.99200
0.99700	0.87351	0.99202
0.99694	0.87364	0.99203
0.99687	0.87377	0.99205
0.99680	0.87389	0.99207
0.99674	0.87402	0.99209
0.99667	0.87415	0.99211
0.99660	0.87428	0.99213
0.99654	0.87440	0.99215
0.99647	0.87453	0.99217
0.99641	0.87466	0.99219
0.99634	0.87478	0.99221
0.99627	0.87491	0.99223
0.99621	0.87504	0.99225
0.99614	0.87517	0.99227
0.99607	0.87529	0.99229
0.99601	0.87542	0.99230
0.99594	0.87555	0.99232
0.99588	0.87567	0.99234
0.99581	0.87580	0.99236
0.99574	0.87593	0.99238
0.99568	0.87605	0.99240
0.99561	0.87618	0.99242
0.99554	0.87631	0.99244
0.99548	0.87644	0.99246
0.99541	0.87656	0.99248
0.99535	0.87669	0.99250
0.99528	0.87682	0.99252
0.99521	0.87694	0.99254
0.99515	0.87707	0.99256
0.99508	0.87720	0.99257
0.99501	0.87733	0.99259
0.99495	0.87745	0.99261
0.99488	0.87758	0.99263
0.99482	0.87771	0.99265
0.99475	0.87783	0.99267
0.99468	0.87796	0.99269
0.99462	0.87809	0.99271
0.99455	0.87822	0.99273
0.99448	0.87834	0.99275
0.99442	0.87847	0.99277
0.99435	0.87860	0.99279
0.99429	0.87872	0.99281
0.99422	0.87885	0.99283
0.99415	0.87898	0.99284
0.99409	0.87911	0.99286
0.99402	0.87923	0.99288
0.99395	0.87936	0.99290
0.99389	0.87949	0.99292
0.99382	0.87961	0.99294
0.99376	0.87974	0.99296
0.99369	0.87987	0.99298
0.99362	0.88000	0.99300
0.99356	0.88012	0.99302
0.99349	0.88025	0.99304
0.99342	0.88038	0.99306
0.99336	0.88050	0.99308
0.99329	0.88063	0.99310
0.99323	0.88076	0.99311
0.99316	0.88088	0.99313
0.99309	0.88101	0.99315
0.99303	0.88114	0.99317
0.99296	0.88127	0.99319
0.99289	0.88139	0.99321
0.99283	0.88152	0.99323
0.99276	0.88165	0.99325
0.99270	0.88177	0.99327
0.99263	0.88190	0.99329
0.99256	0.88203	0.99331
0.99250	0.88216	0.99333
0.99243	0.88228	0.99335
0.99236	0.88241	0.99337
0.99230	0.88254	0.99338
0.99223	0.88266	0.99340
0.99217	0.88279	0.99342
0.99210	0.88292	0.99344
0.99203	0.88305	0.99346
0.99197	0.88317	0.99348
0.99190	0.88330	0.99350