0	0	924	0	3.605845E-16	1.614168E-17
0	1	1450	0	1.364440E-15	6.635013E-17
0	1	1737	0	1.527797E-15	7.234877E-17
0	1	2312	0	1.455762E-15	6.937018E-17
0	1	2887	0	1.464598E-15	7.025040E-17
0	1	537	0	1.581793E-15	7.750068E-17
0	1	1112	0	1.335931E-15	6.545847E-17
0	2	924	0	5.282549E-16	3.583082E-17
0	2	924	0	5.541704E-16	4.502828E-17
0	2	1499	0	5.329020E-16	3.615083E-17
0	1	1162	0	1.521402E-15	7.249171E-17
0	2	1499	0	5.155219E-16	3.897138E-17
0	2	2650	0	5.033434E-16	4.027064E-17
0	2	300	0	5.287834E-16	3.967817E-17
0	2	587	0	5.607714E-16	3.834126E-17
0	2	875	0	5.113220E-16	3.631643E-17
0	2	1162	0	5.000393E-16	3.471074E-17
0	2	1450	0	4.580516E-16	3.849054E-17
0	2	1737	0	5.039943E-16	3.580387E-17
0	2	2312	0	5.183826E-16	3.683131E-17
0	2	2887	0	5.239361E-16	3.638392E-17
0	2	2074	0	5.526551E-16	3.863658E-17
0	1	875	0	1.561473E-15	7.488437E-17
0	1	587	0	1.685877E-15	8.032494E-17
0	1	300	0	1.560694E-15	7.644034E-17
0	0	924	0	4.068242E-16	1.880095E-17
0	0	1499	0	4.613291E-16	2.065722E-17
0	0	1499	0	4.421918E-16	1.948465E-17
0	0	2074	0	4.531246E-16	1.997168E-17
0	0	2650	0	3.988668E-16	1.702409E-17
0	0	300	0	4.351524E-16	1.857735E-17
0	0	587	0	4.670350E-16	1.898558E-17
0	0	875	0	4.764947E-16	2.034721E-17
0	0	1162	0	4.646946E-16	2.116862E-17
0	0	1450	0	3.560229E-16	1.622029E-17
0	0	1737	0	4.045658E-16	1.902813E-17
0	0	2312	0	3.937440E-16	1.682341E-17
0	0	2887	0	3.935880E-16	1.682055E-17
0	0	537	0	4.643795E-16	1.889769E-17
0	0	1112	0	3.514856E-16	1.603127E-17
0	1	924	0	1.575011E-15	7.830693E-17
0	1	924	0	1.592514E-15	7.495121E-17
0	1	1499	0	1.630374E-15	7.925761E-17
0	1	1499	0	1.535632E-15	7.362986E-17
0	1	2074	0	1.614708E-15	7.645034E-17
0	1	2650	0	1.461182E-15	7.104162E-17
0	2	537	0	5.213262E-16	4.210354E-17
0	2	1112	0	4.443692E-16	3.233609E-17
1	0	91	0	3.306371E-16	1.530805E-17
1	0	666	0	2.830280E-16	1.331099E-17
1	0	1241	0	3.271172E-16	1.562605E-17
1	0	2391	0	3.042566E-16	1.453102E-17
1	0	2678	0	3.039987E-16	1.497529E-17
1	0	41	0	2.785497E-16	1.702831E-17
1	0	328	0	2.742411E-16	1.478003E-17
1	0	615	0	3.186850E-16	1.593888E-17
1	0	616	0	3.764971E-16	1.742087E-17
1	0	903	0	3.472080E-16	1.606498E-17
1	0	1478	0	2.920404E-16	1.505300E-17
1	0	2053	0	3.250069E-16	1.650046E-17
1	0	2628	0	3.027878E-16	1.679166E-17
1	0	278	0	2.857462E-16	1.428652E-17
2	0	424	0	9.734972E-17	1.697546E-17
2	0	992	0	1.026922E-16	1.407354E-17
2	0	1560	0	1.062525E-16	1.538126E-17
2	0	1560	0	1.025977E-16	1.494509E-17
2	0	2128	0	1.213215E-16	2.027652E-17
3	0	965	0	1.184041E-16	1.065024E-17
3	0	2423	0	1.568787E-16	1.164529E-17
3	0	2707	0	1.497864E-16	1.309980E-17
3	0	65	0	1.540920E-16	1.377395E-17
3	0	350	0	1.512467E-16	1.666453E-17
3	0	634	0	1.067561E-16	9.863656E-18
3	0	918	0	9.219289E-17	1.053236E-17
3	0	1487	0	1.656941E-16	1.230813E-17
3	0	2138	0	1.306341E-16	1.172743E-17
3	0	2055	0	1.337570E-16	1.187250E-17
3	0	2623	0	1.393550E-16	1.191378E-17
3	0	835	0	1.519597E-16	1.322559E-17
3	0	1404	0	1.581715E-16	1.746419E-17
3	0	1972	0	1.339450E-16	1.028505E-17
3	0	2540	0	1.488416E-16	1.160477E-17
3	0	183	0	1.775492E-16	1.389327E-17
3	0	752	0	1.584569E-16	1.201104E-17
3	0	2055	0	1.473380E-16	1.021289E-17
3	0	1570	0	1.725987E-16	1.215735E-17
3	0	1570	0	1.662032E-16	1.142585E-17
3	0	1286	0	1.784551E-16	2.115288E-17
3	0	1535	0	1.742656E-16	1.289382E-17
3	0	2672	0	1.392214E-16	1.048534E-17
3	0	315	0	1.729618E-16	1.167579E-17
3	0	884	0	1.295963E-16	1.296387E-17
3	0	1452	0	1.611515E-16	1.134286E-17
3	0	2020	0	1.439702E-16	1.219447E-17
3	0	2589	0	1.280291E-16	1.538121E-17
3	0	232	0	1.905211E-16	1.354858E-17
3	0	1369	0	1.670342E-16	1.168351E-17
3	0	1937	0	1.113360E-16	1.008179E-17
3	0	2221	0	1.502962E-16	1.094384E-17
3	0	2505	0	1.569140E-16	1.052945E-17
3	0	2790	0	1.551577E-16	1.146810E-17
3	0	149	0	1.674504E-16	1.141386E-17
3	0	433	0	1.672618E-16	1.170052E-17
3	0	717	0	1.247695E-16	1.109788E-17
3	0	1320	0	1.436487E-16	1.198477E-17
3	0	2455	0	1.459096E-16	1.037773E-17
4	0	2364	0	3.715938E-16	2.866133E-17
4	0	1781	0	2.449833E-16	1.569757E-17
4	0	1212	0	3.366230E-16	1.686415E-17
4	0	1864	0	3.084405E-16	1.575569E-17
4	0	1296	0	2.948348E-16	1.501214E-17
4	0	727	0	2.405394E-16	1.439997E-17
4	0	1379	0	3.194573E-16	1.600759E-17
4	0	811	0	1.888068E-16	1.465410E-17
4	0	810	0	2.070235E-16	1.217297E-17
4	0	243	0	3.251055E-16	1.958477E-17
4	0	2031	0	3.736259E-16	1.935264E-17
4	0	894	0	2.577784E-16	1.447813E-17
4	0	2114	0	3.051137E-16	1.624886E-17
4	0	1546	0	3.410861E-16	1.732703E-17
4	0	978	0	3.102187E-16	1.594128E-17
4	0	409	0	2.800732E-16	1.392921E-17
4	0	2198	0	2.731966E-16	1.410611E-17
4	0	1061	0	1.904053E-16	1.673943E-17
4	0	492	0	2.457425E-16	1.478780E-17
4	0	2849	0	4.011261E-16	2.044524E-17
4	0	2281	0	2.689546E-16	1.586332E-17
4	0	1713	0	3.224620E-16	1.919624E-17
4	0	576	0	3.281525E-16	2.551376E-17
4	0	8	0	3.442480E-16	2.584248E-17
4	0	2834	0	3.256075E-16	1.758624E-17
4	0	1045	0	3.262012E-16	1.631283E-17